0
6 6
1 1 1 1 1 1
1 4 0 0 0 1
1 1 1 1 0 1
0 0 0 1 0 1
0 0 0 1 44 1
0 0 0 1 1 1
1
6 6
1 1 33 1 1 1
1 3 0 0 0 1
1 0 0 0 0 44
1 0 0 0 0 1
1 1 0 4 0 1
0 1 1 1 1 0
2
9 9
0 0 0 0 1 1 1 1 1
0 0 0 1 1 0 0 0 1
0 0 1 1 0 3 4 0 1
0 1 1 0 0 0 0 0 33
1 1 0 0 0 0 0 0 1
1 0 0 0 5 0 0 0 1
1 0 0 0 0 0 0 0 1
1 0 0 0 0 0 0 0 1
1 1 44 1 1 55 1 1 1
3
9 10
1 1 1 1 44 1 1 1 0
1 0 0 0 0 0 0 1 0
1 0 3 0 0 0 0 1 0
1 0 3 0 0 0 0 1 0
33 0 0 0 0 0 0 1 1
1 0 0 0 0 4 0 0 1
1 0 0 0 0 0 0 0 1
1 0 0 0 4 0 0 0 1
1 0 0 1 0 0 1 1 1
1 1 1 1 1 1 1 0 0
4
9 9
0 1 1 1 1 33 1 1 0
1 1 0 0 4 0 0 1 1
1 0 3 0 0 0 4 0 1
1 5 0 0 0 0 0 0 1
1 0 0 0 0 0 0 0 44
1 0 0 0 0 0 0 0 1
1 0 0 0 0 0 0 0 1
1 1 0 0 0 0 0 1 1
0 1 1 1 55 1 1 1 0
5
8 12
0 0 1 1 1 1 0 0
0 0 1 3 0 1 0 0
1 1 1 0 0 1 1 1
1 0 0 0 0 0 0 33
55 0 0 0 0 4 0 1
1 0 0 0 0 0 0 1
1 0 0 0 0 0 0 1
44 0 0 0 0 5 0 1
1 0 0 0 0 0 0 1
1 1 1 0 0 1 1 1
0 0 1 0 0 1 0 0
0 0 1 1 1 1 0 0
6
8 8
0 0 1 44 1 1 0 0
0 0 1 0 2 1 0 0
1 1 1 0 0 1 1 1
22 0 0 0 0 0 3 1
1 4 0 0 0 0 0 55
1 1 1 0 0 1 1 1
0 0 1 5 0 1 0 0
0 0 1 1 33 1 0 0
7
13 8
1 1 1 1 1 1 33 1 1 1 1 1 1
1 0 0 0 0 0 0 0 0 0 0 0 1
1 0 0 0 0 0 0 0 0 0 0 0 1
1 0 0 0 0 0 0 0 0 0 0 0 44
55 0 0 0 0 0 0 0 0 0 0 0 1
1 0 0 0 1 1 22 1 1 0 0 0 1
1 5 0 2 1 0 0 0 1 3 0 4 1
1 1 1 1 1 0 0 0 1 1 1 1 1
8
12 12
1 1 1 1 1 1 22 1 1 1 1 1
1 0 0 0 5 0 0 0 0 0 0 1
1 0 0 0 0 0 0 0 0 0 0 1
33 0 0 0 0 0 0 0 0 0 1 1
1 0 0 0 0 0 0 4 0 0 0 1
1 0 0 1 0 0 0 0 0 0 0 1
1 0 1 0 0 0 0 0 0 0 0 1
1 0 0 0 0 3 0 0 0 0 0 55
1 0 0 0 0 0 0 0 0 0 0 1
1 0 0 1 0 0 0 0 0 0 2 1
1 0 3 0 0 0 0 0 0 0 0 1
1 1 1 1 1 44 1 1 1 1 1 1
9
13 13
33 33 33 33 33 33 33 33 33 33 33 33 33
33 44 66 44 0 44 0 44 0 44 22 44 33
33 0 0 0 0 0 0 0 0 0 0 0 33
33 44 0 0 0 0 0 0 0 0 0 44 33
33 5 0 0 0 6 0 0 0 0 0 0 33
33 44 0 0 0 0 0 0 0 0 0 44 33
33 0 0 0 0 0 0 0 0 0 0 0 33
33 44 0 0 0 0 0 0 0 0 0 44 33
33 0 0 2 0 0 0 0 0 0 0 5 33
33 44 0 0 0 0 0 6 0 0 0 44 33
33 0 0 0 0 0 0 0 0 0 2 1 33
33 44 1 44 1 44 0 44 55 44 0 44 33
33 33 33 33 33 33 33 33 33 33 33 33 33
10
13 13
1 1 1 22 1 1 1 1 1 1 1 1 1
1 2 0 6 0 0 0 0 0 0 0 1 1
1 0 0 0 33 0 0 0 0 0 0 0 1
1 0 1 0 1 0 1 0 0 0 0 0 1
1 0 1 0 1 0 1 0 1 0 0 0 1
1 0 1 0 1 0 1 0 1 0 0 0 1
1 0 1 0 1 0 1 0 1 0 0 0 1
1 0 0 0 1 0 1 0 1 0 0 0 1
1 0 0 0 0 0 44 0 0 0 0 0 1
1 0 4 0 0 0 0 0 0 0 0 0 1
1 0 0 0 0 0 0 0 0 0 0 0 1
1 0 0 0 0 0 3 0 0 0 0 0 1
1 1 1 1 1 1 1 1 66 1 1 1 1
11
13 13
1 1 1 1 1 1 1 1 1 1 1 1 1
1 0 0 0 0 0 0 0 0 0 0 0 1
1 0 0 0 0 0 0 0 0 0 0 0 1
1 0 0 33 1 1 1 1 1 0 0 0 1
1 0 0 1 44 44 44 44 1 0 0 0 1
1 0 0 1 44 44 44 44 1 0 0 0 1
1 0 0 1 44 44 44 44 1 0 0 0 1
1 0 0 1 44 44 44 1 1 0 0 0 1
1 0 0 1 1 1 1 1 1 0 0 0 1
1 0 0 0 0 0 0 0 0 1 0 0 1
1 0 0 0 0 5 3 0 0 0 0 0 1
1 0 0 0 0 0 0 0 0 0 0 0 1
1 1 55 1 1 1 1 1 1 1 1 1 1
12
13 13
33 33 33 33 33 33 33 33 66 33 33 33 33
33 0 0 0 0 0 0 0 4 0 0 0 33
33 0 0 0 0 0 0 0 0 0 0 0 22
44 0 0 0 0 0 0 0 0 0 0 0 33
33 0 0 1 6 0 1 0 0 1 0 0 33
33 0 0 33 33 55 33 33 33 33 0 0 33
33 0 0 33 33 55 33 33 33 33 0 0 33
33 0 0 55 55 55 55 55 55 55 0 0 33
33 0 0 33 33 55 33 33 33 33 0 0 33
33 0 0 33 33 55 33 33 33 33 0 0 33
33 0 0 0 0 0 0 0 2 0 0 0 33
33 0 0 0 0 0 0 0 0 0 0 0 33
33 33 33 33 33 33 33 33 33 33 33 33 33
13
13 13
1 1 1 1 1 1 1 1 1 1 1 1 1
1 1 0 0 0 0 0 0 0 0 0 1 1
1 0 0 0 0 0 1 0 0 0 0 0 1
1 0 0 0 44 0 1 0 55 0 0 0 1
1 0 0 0 0 0 1 0 0 0 0 0 1
1 0 1 5 0 0 1 0 0 4 1 0 1
1 0 1 0 0 0 1 0 0 0 1 0 1
1 0 1 0 5 0 1 0 4 0 1 0 1
1 0 1 1 1 3 1 3 1 1 1 0 1
1 0 1 1 1 1 1 1 1 1 1 0 1
1 0 0 0 0 0 33 0 0 0 0 0 1
1 0 0 0 0 0 0 0 0 0 0 0 1
1 1 1 1 1 1 1 1 1 1 1 1 1
14
13 13
1 1 1 1 1 1 1 1 1 1 1 1 1
1 77 77 1 6 0 0 0 4 1 77 77 1
1 77 1 1 0 0 0 0 0 1 1 77 1
1 1 1 0 0 0 0 0 0 0 1 1 1
1 3 0 0 0 0 0 0 0 0 0 2 1
1 0 0 0 0 1 1 33 0 0 0 0 1
1 0 0 0 0 1 1 1 0 0 0 0 1
1 0 0 0 0 66 1 44 0 0 0 0 1
22 4 0 0 0 0 0 0 0 0 0 6 1
1 1 1 0 0 0 0 0 0 0 1 1 1
1 77 1 1 0 0 0 0 0 1 1 77 1
1 77 77 1 2 0 0 0 3 1 77 77 1
1 1 1 1 1 1 1 1 1 1 1 1 1
15
13 13
1 1 1 1 1 1 1 1 1 1 1 1 1
1 0 0 1 0 0 4 0 0 0 0 0 1
1 5 1 1 1 1 0 0 0 0 0 0 1
1 0 1 0 0 0 0 0 1 1 0 0 1
1 0 1 0 1 1 0 0 0 1 0 0 1
1 0 0 0 1 0 0 0 0 0 0 0 1
55 0 0 0 0 0 0 0 1 0 0 0 1
1 0 0 0 0 0 0 1 1 0 1 0 1
1 0 0 1 0 0 0 6 0 0 1 0 1
1 0 0 1 1 0 0 0 1 1 1 0 1
1 0 0 22 1 0 0 0 1 66 1 0 1
1 0 2 0 0 0 0 0 0 0 0 0 1
1 1 1 44 1 1 1 1 1 1 1 1 1
16
13 13
1 1 1 1 1 1 1 1 1 1 1 1 1
1 0 0 0 0 0 0 0 0 0 0 0 1
1 0 33 33 0 44 0 0 0 33 33 0 1
1 0 5 33 0 44 44 0 0 33 33 0 1
1 0 0 33 0 44 0 0 0 0 0 0 1
1 0 0 0 0 0 0 0 66 44 0 0 1
1 0 2 0 44 0 0 0 0 44 22 0 1
1 0 33 2 44 44 0 0 0 0 0 0 1
1 0 33 0 6 44 0 33 0 0 0 0 1
1 0 55 0 0 0 0 33 5 0 0 0 1
1 0 33 0 0 0 33 33 0 0 0 0 1
1 0 0 0 0 0 0 0 6 0 0 0 1
1 1 1 1 1 1 1 1 1 1 1 1 1
17
13 13
1 1 1 1 1 1 55 1 1 1 1 1 1
1 0 0 0 0 0 0 0 0 0 0 0 1
1 0 0 0 33 33 0 33 33 5 0 0 1
1 0 0 33 0 33 0 33 0 33 0 0 1
1 0 33 0 0 33 0 33 0 0 33 0 1
1 0 33 0 66 33 0 33 66 0 33 0 1
1 0 33 0 0 33 0 33 0 0 33 0 1
1 0 33 0 33 0 0 2 33 0 33 0 22
1 7 33 33 0 0 0 0 0 33 33 0 77
1 0 0 0 0 0 0 0 0 0 0 0 1
1 0 0 0 0 44 44 44 0 0 0 0 1
1 0 0 0 0 0 0 0 0 0 0 0 1
1 1 1 1 1 1 1 1 1 1 1 1 1
18
13 13
1 1 1 1 1 1 1 1 1 1 1 1 1
1 0 5 0 0 0 0 0 0 0 0 4 1
1 0 0 55 1 1 1 1 1 1 1 0 1
1 0 0 0 0 0 0 0 0 0 1 0 1
1 0 0 1 1 1 1 1 1 0 1 0 1
1 0 0 1 0 0 0 0 1 0 1 0 1
1 0 0 1 0 1 33 0 1 0 1 0 1
1 0 0 1 0 1 44 0 1 0 1 0 1
1 0 0 1 0 1 1 1 1 0 1 0 1
1 0 0 1 0 0 0 0 0 0 1 0 1
1 0 0 1 1 1 1 1 1 1 1 0 1
1 3 0 0 0 0 0 0 0 0 0 0 1
1 1 1 1 1 1 1 1 1 1 1 1 1
19
13 13
1 1 1 1 1 1 1 1 1 1 1 1 77
1 0 0 0 0 0 0 6 33 1 1 77 77
1 0 1 1 1 1 1 1 1 1 77 77 77
1 0 0 0 0 0 0 4 55 1 77 77 77
1 0 1 1 1 1 1 1 1 1 77 77 77
1 0 1 1 1 1 1 1 1 1 77 77 77
1 0 2 0 0 0 22 1 77 77 77 77 77
1 0 1 1 1 1 1 1 1 1 77 77 77
1 0 1 1 1 1 1 1 1 1 77 77 77
1 0 0 0 0 0 0 5 66 1 77 77 77
1 0 1 1 1 1 1 1 1 1 77 77 77
1 0 0 0 0 0 0 3 44 1 1 77 77
1 1 1 1 1 1 1 1 1 1 1 1 77
20
13 13
55 55 55 1 1 1 1 1 1 55 55 55 55
55 55 55 55 0 0 0 0 0 0 66 66 66
55 55 55 0 55 0 0 0 0 0 66 66 66
1 55 0 55 0 0 0 0 0 0 0 66 0
1 0 55 0 0 0 0 0 0 0 66 66 66
1 0 0 0 0 2 55 55 66 66 66 66 66
1 0 0 3 0 7 33 55 0 0 66 66 66
1 0 0 0 0 0 77 55 66 66 66 66 66
22 0 0 0 0 0 0 0 0 0 66 66 66
1 0 0 0 0 0 0 0 0 66 66 66 66
1 0 0 0 0 0 0 0 0 66 0 0 66
1 0 4 0 0 0 0 0 66 66 0 0 66
1 1 1 44 1 1 1 1 1 1 1 66 66
21
13 13
1 1 1 1 1 1 1 1 1 1 1 1 1
1 0 0 6 0 0 0 0 0 4 0 0 1
1 1 44 0 0 0 0 0 0 0 33 1 1
1 0 0 0 0 22 22 22 0 0 0 0 1
1 0 0 0 22 0 22 0 22 0 0 0 1
1 0 0 22 0 0 22 0 0 22 0 0 1
1 0 0 22 0 0 22 0 0 22 0 0 1
1 0 0 22 0 22 0 22 0 22 0 0 1
1 0 0 0 22 0 0 0 22 0 0 0 1
1 0 0 0 0 22 22 22 0 0 0 0 1
1 1 55 0 0 0 0 0 0 0 66 1 1
1 3 0 0 0 0 0 0 0 0 0 5 1
1 1 1 1 1 1 1 1 1 1 1 1 1
22
13 13
1 1 1 1 1 1 1 1 1 1 1 1 1
55 0 0 0 0 0 0 0 0 0 0 6 1
1 0 0 0 0 0 0 0 0 0 0 0 1
33 33 33 0 33 7 0 33 0 33 0 33 33
33 0 33 0 33 0 0 33 0 33 0 33 0
33 0 33 0 33 0 0 33 0 33 0 33 33
33 33 33 0 33 0 0 33 0 33 0 33 0
33 0 33 0 33 0 0 33 0 33 0 33 0
33 33 33 0 33 33 0 33 33 33 0 33 33
1 0 0 0 0 0 0 0 0 0 0 0 77
66 0 0 0 0 0 0 0 0 0 2 0 1
1 0 0 0 0 0 0 0 0 0 5 0 1
1 1 1 1 1 1 1 1 22 1 1 1 1
23
13 13
44 44 44 44 44 44 44 44 44 44 44 44 44
44 44 0 0 0 0 0 0 0 0 0 0 44
44 0 1 3 0 0 0 0 0 0 1 0 44
44 0 0 22 0 0 0 0 0 1 0 0 44
44 0 0 0 55 2 0 0 33 0 0 0 44
44 0 0 0 0 1 0 1 0 0 0 0 44
44 0 5 0 0 0 1 0 0 0 0 0 44
44 0 0 0 0 0 1 0 0 0 0 0 44
44 0 0 0 0 0 1 0 0 0 0 0 44
44 0 0 0 1 1 1 1 1 0 0 0 44
44 0 0 0 0 0 0 0 0 0 0 0 44
44 0 0 0 0 0 3 0 0 0 0 0 44
44 44 44 44 44 44 44 44 44 44 44 44 44
24
13 13
1 1 1 1 1 1 1 1 1 1 1 1 1
1 3 0 0 0 0 0 0 0 0 0 4 1
1 0 0 0 1 1 1 1 44 0 0 0 1
55 0 0 0 0 0 0 0 0 0 0 0 1
1 0 0 1 1 1 1 1 1 1 0 0 1
1 0 0 0 0 0 0 0 0 0 0 0 1
1 0 1 33 1 1 1 1 1 1 1 0 1
1 0 0 0 0 0 0 0 0 0 0 0 1
1 0 0 1 1 1 1 1 1 1 0 0 1
1 0 0 0 0 0 0 0 0 0 0 0 1
1 0 0 0 1 1 1 1 1 0 0 0 1
1 0 0 0 0 0 0 0 0 0 0 5 1
1 1 1 1 1 1 1 1 1 1 1 1 1
25
13 13
1 1 1 1 1 1 1 1 1 33 1 1 1
1 0 0 0 0 0 0 0 0 0 0 0 1
1 0 0 0 0 44 44 44 0 0 0 0 1
1 0 0 0 0 44 44 44 0 0 0 0 1
66 0 0 2 7 44 44 44 0 0 0 0 55
1 0 44 44 44 44 44 44 44 44 44 0 1
1 0 44 44 44 44 44 44 44 44 44 0 1
1 0 44 44 44 44 44 44 44 44 44 0 1
1 0 0 0 5 44 44 44 3 6 0 0 22
1 0 0 0 0 44 44 44 0 0 0 0 1
1 0 0 0 0 44 44 44 0 0 0 0 1
1 0 0 0 0 0 0 0 0 0 0 0 1
1 1 1 1 77 1 1 1 1 1 1 1 1
26
13 13
1 1 1 1 1 1 1 1 1 1 1 1 1
1 1 1 0 0 0 0 0 0 0 0 0 1
1 0 1 1 0 0 0 0 0 0 0 0 1
1 0 0 1 1 0 0 0 0 0 0 0 1
1 0 0 0 1 1 0 0 0 0 0 0 1
1 0 0 0 0 0 0 0 0 0 0 4 1
1 0 0 0 0 0 1 22 0 0 0 0 1
1 0 0 0 0 0 0 1 1 0 0 0 1
1 0 0 0 0 0 0 0 1 1 0 0 1
1 0 0 0 0 0 0 0 0 1 1 0 1
1 0 0 0 0 0 0 0 0 0 1 1 1
1 0 0 0 0 0 0 0 0 0 2 1 1
1 1 1 1 1 1 1 1 1 1 44 1 1
27
13 13
22 1 1 1 1 1 1 1 1 1 1 1 22
1 0 0 0 0 0 0 0 0 0 0 2 1
1 0 0 0 0 0 0 0 0 1 1 0 1
1 0 1 1 0 0 0 0 0 1 1 0 1
1 0 22 22 22 22 22 22 22 22 22 0 1
1 0 22 0 0 0 0 3 0 0 22 0 1
1 0 22 0 0 0 0 0 0 0 22 0 1
1 0 22 22 22 0 22 22 22 22 22 0 1
1 0 44 1 0 0 0 0 0 1 1 0 1
1 0 0 0 0 0 0 0 0 33 1 0 1
1 0 0 0 0 0 0 0 0 0 0 0 1
1 0 0 0 0 0 1 0 0 0 0 4 1
22 1 1 1 1 1 1 1 1 1 1 1 22
28
13 13
33 44 33 44 33 44 33 44 33 44 33 44 33
44 5 0 0 0 0 0 0 0 0 0 0 44
33 0 44 0 33 0 44 0 33 0 44 0 33
44 0 0 0 0 0 33 0 0 0 0 0 44
33 0 33 0 0 0 44 4 0 0 33 0 33
44 0 0 0 0 0 0 0 0 0 0 0 44
33 0 44 33 44 0 22 0 44 33 44 0 33
44 0 0 0 0 0 0 0 0 0 0 0 55
33 0 33 0 0 0 44 0 0 0 33 0 33
44 0 0 0 0 0 33 0 0 0 0 0 44
33 0 44 0 33 3 44 0 33 2 44 0 33
44 0 0 0 0 0 0 0 0 0 0 0 44
33 44 33 44 33 44 33 44 33 44 33 44 33
29
13 13
22 1 55 1 44 1 33 1 66 1 77 1 1
1 0 0 0 0 0 0 0 0 0 0 0 1
55 0 22 0 55 0 44 0 33 0 66 0 77
1 0 0 0 0 0 0 0 0 0 0 0 1
44 0 55 0 22 0 55 0 44 0 33 0 66
1 0 0 4 0 0 0 0 0 6 0 0 1
33 0 44 0 55 0 22 0 55 0 44 0 33
1 0 5 0 0 0 0 0 0 0 0 0 1
66 0 33 0 44 0 55 0 22 0 55 0 44
1 0 0 0 0 0 0 0 0 0 0 0 1
1 0 66 0 33 0 44 0 55 4 22 0 55
77 0 0 0 0 0 0 0 0 0 0 7 1
1 1 77 1 66 1 33 1 44 1 55 1 22
30
13 13
1 1 1 1 1 1 1 66 1 1 1 1 1
1 0 0 0 0 0 0 0 0 0 0 0 1
1 0 0 0 0 0 0 0 0 0 0 0 1
1 0 0 0 0 0 0 0 0 0 0 0 1
1 0 0 0 0 0 0 0 2 0 0 0 1
44 0 0 0 0 0 0 0 0 0 0 0 1
1 0 0 0 0 0 0 0 0 0 0 0 1
1 0 0 0 0 0 0 0 0 0 0 0 1
1 0 0 0 0 0 0 0 0 0 0 0 1
1 0 0 0 0 0 0 0 0 0 0 0 1
22 0 0 0 0 0 0 0 0 6 0 0 1
1 0 1 1 1 7 0 0 1 1 1 4 1
1 1 1 33 1 1 1 77 1 33 1 1 1
31
13 13
1 1 1 1 1 1 1 44 1 1 1 1 1
1 0 0 0 0 0 0 0 0 0 0 0 1
1 0 0 0 0 0 0 0 0 2 0 0 1
1 0 0 0 0 0 0 0 0 0 0 0 55
1 0 22 33 33 33 0 33 33 33 33 0 1
1 0 33 0 0 0 0 33 0 0 33 0 1
1 0 33 4 0 0 0 33 0 0 33 0 1
1 0 33 33 33 33 0 33 33 33 33 0 1
1 0 33 0 0 33 0 33 0 0 33 0 1
1 0 33 0 0 33 0 33 0 0 33 0 1
1 0 33 33 33 33 0 33 33 33 33 0 1
1 0 0 0 0 0 5 0 0 0 0 0 1
1 1 1 1 1 1 1 1 1 1 1 1 1
32
13 13
44 1 1 1 1 1 44 33 22 1 1 1 44
1 0 0 0 0 0 44 0 0 0 0 0 1
1 0 0 0 0 0 44 0 0 0 0 0 1
66 0 0 0 0 0 44 0 0 0 0 0 1
55 0 0 0 0 0 44 0 0 0 0 0 1
1 0 0 0 0 0 7 0 0 0 0 0 1
1 0 0 0 0 0 0 44 44 44 44 44 44
44 44 44 44 44 0 0 0 0 0 0 0 1
1 0 0 0 0 0 0 0 0 0 0 0 77
1 0 0 0 0 44 0 0 0 0 0 0 1
1 3 2 0 0 44 0 0 0 0 0 0 1
1 5 6 0 0 44 0 0 0 0 0 0 1
44 1 1 1 1 44 1 1 1 1 1 1 44
33
13 13
1 1 33 33 33 1 1 1 1 55 55 55 55
1 1 1 1 33 33 33 1 1 55 1 1 1
1 1 1 1 1 1 33 1 1 55 1 1 1
1 1 1 5 0 0 0 0 6 0 1 44 44
22 22 22 0 0 0 0 0 0 0 1 1 44
22 1 1 0 0 7 1 0 0 0 1 1 44
22 1 1 0 0 1 1 1 0 0 1 44 44
22 22 1 0 0 0 1 0 0 0 44 44 1
1 1 1 0 0 0 0 0 0 0 1 1 1
1 1 1 4 66 0 2 0 0 3 1 1 1
1 1 1 1 66 1 1 77 1 1 77 77 77
66 66 1 66 66 1 1 77 1 77 77 1 77
1 66 66 66 1 1 1 77 77 77 1 1 77
34
13 13
66 1 66 1 66 1 66 1 66 1 66 1 66
1 66 1 66 1 66 1 66 1 66 1 66 1
77 1 0 0 0 0 0 0 6 0 7 1 77
1 77 0 0 0 0 0 0 0 0 0 77 1
77 1 0 0 0 0 0 0 0 0 0 1 77
1 77 0 0 0 0 0 0 0 0 0 77 1
77 1 0 0 6 0 1 0 0 0 0 1 77
1 77 0 0 0 0 0 0 0 0 0 77 1
77 1 0 0 0 0 0 0 0 0 0 1 77
1 77 0 0 0 0 0 0 0 0 0 77 1
77 1 7 0 0 0 0 0 0 0 0 1 77
1 66 1 66 1 66 1 66 1 66 1 77 1
66 1 66 1 66 1 66 1 66 1 66 1 77
35
13 13
1 1 1 1 33 1 1 1 44 1 1 1 1
1 0 0 0 0 0 0 0 0 0 0 0 1
55 0 0 0 0 0 0 0 0 0 0 0 1
1 0 0 0 0 0 0 0 0 0 0 0 1
1 0 0 0 0 0 0 0 0 0 0 0 1
1 0 0 0 0 0 0 0 0 0 0 0 1
1 0 0 0 0 0 0 0 0 0 0 0 1
1 0 0 0 0 0 0 0 0 0 0 0 1
1 0 0 0 0 0 0 0 0 0 0 0 1
22 0 0 0 0 22 22 0 0 0 0 0 1
22 22 0 22 0 22 0 0 22 22 22 4 1
22 0 3 22 5 22 0 0 22 0 22 0 22
22 22 22 22 22 22 22 22 22 22 22 22 22
36
13 13
1 1 22 1 1 1 66 1 1 1 1 1 1
1 0 0 1 1 1 0 0 1 4 0 3 1
44 0 0 1 1 1 0 0 1 0 0 0 1
1 0 0 0 0 0 0 0 1 0 1 0 1
1 0 6 1 0 1 2 0 33 0 0 0 1
1 1 1 1 0 1 1 1 1 0 0 1 1
1 1 1 0 0 0 0 0 0 0 0 0 1
1 1 1 1 0 1 22 1 1 0 1 0 1
1 0 0 1 0 1 0 0 1 0 0 0 1
1 0 0 0 0 0 0 0 1 0 1 0 1
55 0 0 1 1 1 0 0 1 0 0 0 1
1 0 2 1 1 1 6 0 1 5 0 0 1
1 66 1 1 1 1 1 1 1 1 1 1 1
37
13 13
33 33 1 1 1 1 1 1 1 1 1 22 22
33 33 0 0 0 0 1 0 0 0 0 22 22
1 0 0 0 0 0 0 0 0 0 0 0 1
1 0 0 1 1 1 4 1 1 1 0 0 1
1 0 0 1 77 0 0 0 0 1 0 0 1
1 0 0 1 0 0 0 0 0 1 0 0 1
1 1 0 5 0 0 0 0 0 3 0 1 1
1 0 0 1 0 0 0 0 0 1 0 0 1
1 0 0 1 0 0 0 0 6 1 0 0 1
1 0 0 1 1 1 2 1 1 1 0 0 1
1 0 0 0 0 7 0 0 0 0 0 0 1
44 44 0 0 0 0 1 0 0 0 0 55 55
44 44 1 1 1 1 1 1 66 1 1 55 55
38
13 13
1 1 1 1 1 1 1 1 1 1 1 1 1
1 0 0 0 0 1 0 0 0 0 0 0 1
1 0 0 0 0 0 0 0 0 0 1 0 1
1 1 0 0 0 1 1 1 1 1 0 0 1
1 0 0 0 0 0 33 1 1 1 0 0 1
1 1 0 1 0 0 0 44 1 1 0 0 1
1 0 0 1 66 0 0 0 55 1 0 0 1
1 0 0 1 1 44 0 0 0 1 0 0 1
1 0 0 1 1 1 33 0 0 0 0 6 77
1 0 0 1 1 1 1 1 0 0 0 7 1
1 0 1 0 0 0 0 0 0 0 0 0 1
1 0 0 0 0 0 0 0 0 1 0 0 1
1 1 1 1 1 1 1 1 1 1 1 1 1
39
13 10
1 1 1 1 1 0 0 0 0 0 0 0 0
1 0 0 0 1 0 0 0 0 0 0 0 0
1 0 0 0 1 1 1 1 1 1 1 1 1
1 0 0 3 0 0 0 0 0 0 0 0 1
33 0 5 0 0 0 0 0 0 0 0 0 1
1 4 0 0 0 0 0 0 0 0 0 0 55
1 0 0 0 0 0 0 0 0 0 0 0 1
1 1 1 1 1 1 1 1 1 0 0 0 1
0 0 0 0 0 0 0 0 1 0 0 0 1
0 0 0 0 0 0 0 0 1 1 44 1 1
40
13 13
1 1 33 33 33 33 33 33 33 33 33 1 1
1 4 0 0 0 0 0 0 0 0 0 6 1
33 0 0 0 0 0 0 1 1 1 1 0 33
33 0 0 1 1 0 0 0 0 0 1 0 33
33 0 0 1 0 0 0 0 0 0 0 0 33
22 0 0 0 0 0 0 0 0 0 0 0 33
33 0 1 0 0 0 0 44 0 1 0 0 33
33 0 1 0 0 0 0 0 0 1 0 0 33
33 0 1 0 0 0 0 0 0 1 0 0 33
33 0 1 0 0 0 0 0 1 1 0 0 33
33 0 1 1 0 0 0 0 0 0 0 0 33
1 0 0 0 0 0 0 0 0 0 0 2 1
1 1 33 33 66 33 33 33 33 33 33 1 1
41
11 6
22 22 22 22 22 44 22 22 22 22 22
22 0 0 0 0 0 0 0 0 0 22
22 0 0 6 0 4 0 7 0 0 66
77 0 0 0 0 0 0 0 0 0 22
22 0 0 0 0 0 0 0 0 0 22
22 22 22 22 22 22 22 22 22 22 22
42
13 13
1 1 1 1 1 1 1 55 55 55 55 55 55
1 0 0 0 0 0 0 1 55 55 55 55 55
1 0 0 0 0 0 0 0 1 55 55 55 55
1 0 0 44 0 0 0 0 0 1 55 55 55
1 0 0 0 4 1 0 1 0 0 22 55 55
1 0 0 0 1 1 0 1 1 0 0 1 55
1 0 0 0 0 0 2 0 0 0 0 0 1
55 1 0 0 1 1 0 1 1 0 0 0 1
55 55 1 0 0 1 0 1 7 0 0 0 1
55 55 55 1 0 0 0 0 0 77 0 0 1
55 55 55 55 1 0 0 0 0 0 0 0 1
55 55 55 55 55 1 0 0 0 0 0 0 1
55 55 55 55 55 55 1 1 1 1 1 1 1
43
13 13
1 1 1 1 1 1 1 1 1 1 1 1 1
77 3 0 0 0 0 0 0 0 0 0 0 44
1 0 0 0 0 0 0 0 0 0 0 0 1
1 0 0 1 0 1 4 1 0 1 0 0 1
1 0 0 1 1 1 1 1 1 33 0 0 1
1 0 0 1 0 1 1 1 0 1 0 0 1
1 0 0 1 1 1 55 1 1 1 0 0 1
1 5 0 1 1 1 0 1 1 1 0 0 1
1 1 0 0 0 0 0 0 0 0 0 1 1
1 1 1 1 1 1 0 22 1 1 1 1 1
1 0 0 0 0 0 0 0 0 0 0 0 1
1 7 0 0 0 0 0 0 0 0 0 2 1
1 1 1 1 1 1 1 1 1 1 1 1 1
44
9 9
1 1 1 22 1 1 1 1 1
1 0 0 0 0 0 0 0 1
1 0 0 0 0 0 0 0 1
1 0 0 0 0 0 0 0 1
55 0 0 0 3 4 0 0 1
1 0 0 0 2 5 0 0 33
1 0 0 0 0 0 0 0 1
1 0 0 0 0 0 0 0 1
1 1 1 1 44 1 1 1 1
45
13 13
0 0 0 0 0 1 1 33 1 0 0 0 0
0 0 1 1 55 1 0 0 1 77 1 1 1
0 0 1 0 0 0 2 0 0 0 0 0 1
0 0 1 0 0 0 0 0 0 0 7 0 1
1 1 1 0 0 0 0 5 0 0 0 1 1
1 0 0 0 6 1 66 1 1 0 0 1 0
1 0 4 0 0 1 0 0 44 0 0 1 0
1 0 0 1 1 1 0 0 1 0 0 1 0
1 1 1 1 0 0 0 0 1 0 0 1 0
0 0 0 0 0 1 1 22 1 0 0 1 0
0 0 0 0 0 1 0 0 0 0 0 1 0
0 0 0 0 0 1 0 0 3 0 0 1 0
0 0 0 0 0 1 1 1 1 1 1 1 0
46
11 11
1 1 1 1 1 1 1 33 1 1 1
1 0 0 0 0 0 0 0 0 0 1
1 0 0 0 0 0 0 0 0 0 1
1 0 0 1 1 0 1 1 0 0 44
1 0 1 1 0 0 0 1 1 0 1
77 0 0 4 6 0 7 3 0 0 66
1 0 1 1 0 0 0 1 1 0 1
1 0 0 1 1 0 1 1 0 0 1
1 0 0 0 0 0 0 0 0 0 1
1 0 0 0 0 0 0 0 0 0 1
1 1 1 1 1 1 1 1 1 1 1
47
13 12
0 1 1 1 0 0 0 1 1 1 1 1 0
0 1 0 1 1 1 1 1 0 0 0 1 0
0 1 0 0 0 0 0 0 0 1 0 1 0
0 22 0 1 0 1 1 0 0 0 0 1 0
0 1 0 1 0 0 1 1 1 1 0 1 0
0 1 0 1 1 0 0 1 0 1 0 1 0
0 1 0 1 0 0 0 0 0 1 0 1 0
0 1 0 1 1 1 0 0 0 1 0 1 0
0 1 0 0 0 1 1 1 0 1 0 1 0
1 1 0 1 0 1 0 0 0 1 0 1 1
1 6 0 0 0 0 0 0 0 0 0 2 1
1 1 1 1 1 1 1 1 1 1 66 1 1
48
13 13
1 1 1 1 1 1 1 1 44 1 1 1 1
1 0 1 0 0 0 0 0 0 0 0 0 1
1 0 0 0 1 1 1 0 0 0 0 1 1
1 0 1 1 1 5 1 1 1 0 1 1 1
1 0 0 0 0 3 0 0 0 0 0 0 1
1 0 1 1 1 4 1 1 1 0 1 1 1
1 0 1 33 1 2 1 55 1 0 1 0 1
1 0 1 0 1 0 1 0 0 0 1 0 1
1 0 1 0 0 0 0 0 1 0 0 0 22
1 0 1 0 1 0 1 0 1 1 1 0 1
1 0 1 1 1 0 1 0 0 0 0 0 1
1 0 0 0 0 0 0 0 1 1 1 0 1
1 1 1 1 1 1 1 1 1 1 1 1 1
49
11 11
1 1 1 1 22 1 1 1 1 1 1
1 0 0 3 0 0 0 0 1 0 1
1 1 0 0 0 0 0 0 0 0 1
1 0 0 0 0 0 0 0 0 0 1
1 0 0 0 0 0 4 0 0 0 33
55 0 0 0 0 0 0 0 0 0 1
1 0 0 0 0 0 0 0 0 0 1
1 2 0 0 0 0 0 0 0 0 1
1 0 0 0 0 0 0 0 0 1 1
1 0 1 0 0 5 0 0 0 0 1
1 1 1 1 1 1 1 44 1 1 1
50
12 13
1 1 1 1 1 1 1 1 1 1 1 1
1 0 0 0 0 0 0 0 0 0 0 1
1 0 1 1 1 0 1 0 1 1 0 1
1 0 5 1 0 0 1 0 1 2 0 1
1 0 1 0 1 0 1 0 1 6 0 1
1 0 1 1 1 0 1 1 1 1 0 1
1 0 0 0 0 0 0 0 0 0 0 66
22 0 0 1 1 0 0 1 1 0 0 1
1 0 1 1 0 0 0 0 1 1 0 1
1 1 1 0 0 0 0 0 0 1 1 1
1 1 0 0 0 0 0 0 0 0 1 1
1 0 0 0 0 0 0 0 0 0 0 1
1 1 1 1 1 1 1 55 1 1 1 1
51
11 11
1 1 1 33 1 1 1 1 1 1 1
1 3 0 0 0 0 0 0 0 5 1
1 0 1 0 1 1 1 0 1 0 1
1 0 1 0 0 0 1 0 1 0 1
1 0 1 1 0 1 1 0 1 0 1
1 0 0 0 0 0 0 0 1 0 1
1 0 1 1 1 0 1 1 1 0 55
1 0 1 44 0 0 0 0 0 0 1
1 0 1 1 1 1 0 1 1 0 1
1 4 0 0 0 0 0 0 0 7 1
1 1 1 1 1 1 77 1 1 1 1
52
13 13
1 1 1 1 1 1 1 1 22 1 1 1 1
1 0 1 1 0 0 0 0 0 0 0 0 1
1 0 1 1 0 0 0 0 0 0 0 0 1
1 0 1 1 1 1 0 0 0 0 0 0 1
1 0 0 1 1 1 1 0 0 0 0 0 1
1 0 0 1 0 1 1 0 1 1 0 0 1
1 0 0 0 0 0 0 0 0 0 0 0 55
1 0 0 0 1 1 1 0 1 1 0 0 1
1 4 1 0 0 1 1 0 1 1 1 0 1
1 5 1 0 0 0 1 0 1 1 1 1 1
1 2 1 0 0 0 0 0 0 0 1 1 1
1 0 0 0 0 0 0 0 0 0 0 0 1
1 1 1 1 1 1 44 1 1 1 1 1 1
53
13 13
1 1 66 1 1 1 33 1 1 1 1 1 1
1 7 0 0 0 1 0 1 0 0 0 0 1
1 0 0 0 0 0 0 0 0 0 0 0 1
1 0 0 0 0 0 0 0 0 0 0 0 1
1 0 0 0 4 1 0 1 3 0 0 0 1
1 1 0 0 1 1 0 1 1 0 0 1 1
22 0 0 0 0 0 0 0 0 0 0 0 44
1 1 0 0 1 1 0 1 1 0 0 1 1
1 0 0 0 5 1 0 1 2 0 0 0 1
1 0 0 0 0 0 0 0 0 0 0 0 1
1 0 0 0 0 0 0 0 0 0 0 0 77
1 0 0 0 0 1 0 1 0 0 0 6 1
1 1 1 1 1 1 55 1 1 1 1 1 1
54
11 13
0 1 1 1 1 1 1 1 1 1 0
1 1 0 0 0 1 0 0 0 1 1
44 0 0 0 0 0 0 0 0 0 1
1 0 0 0 0 0 0 0 0 0 22
1 0 0 0 0 0 0 0 0 0 1
1 1 5 0 0 0 0 0 3 1 1
0 1 1 1 1 0 1 1 1 1 0
1 1 2 0 0 0 0 0 4 1 1
1 0 0 0 0 0 0 0 0 0 1
1 0 0 0 0 0 0 0 0 0 55
33 0 0 0 0 0 0 0 0 0 1
1 1 0 0 0 1 0 0 0 1 1
0 1 1 1 1 1 1 1 1 1 0
55
13 13
1 1 1 1 1 1 1 1 1 1 1 1 1
1 0 0 0 0 0 0 0 0 0 0 0 1
1 0 3 1 1 1 1 1 1 1 1 0 1
1 0 1 1 0 0 0 0 0 0 0 0 1
1 0 1 0 0 1 1 1 1 1 0 0 1
1 0 1 0 0 0 0 0 33 1 1 0 1
1 5 1 0 0 0 0 0 0 55 1 0 1
1 0 1 0 0 0 0 0 66 1 1 0 1
1 0 1 0 0 1 1 1 1 1 0 0 1
1 0 1 1 0 0 0 0 0 0 0 0 1
1 0 6 1 1 1 1 1 1 1 1 0 1
1 0 0 0 0 0 0 0 0 0 0 0 1
1 1 1 1 1 1 1 1 1 1 1 1 1
56
13 13
0 1 1 1 1 1 1 1 1 1 1 1 0
1 0 0 0 0 0 0 0 0 0 0 0 1
1 0 0 0 0 1 1 1 0 0 0 0 1
1 0 0 0 0 0 0 0 0 0 0 0 1
1 0 0 0 1 1 2 1 1 0 0 0 1
1 0 1 0 66 0 0 0 1 0 1 0 1
1 0 1 0 7 0 0 0 6 0 1 0 1
1 0 1 0 1 0 0 0 1 0 1 0 1
1 0 0 0 1 1 5 1 1 0 0 0 1
1 0 0 0 0 0 0 0 0 0 0 0 22
1 0 0 0 0 55 1 1 0 0 0 0 1
1 0 0 0 0 0 0 0 0 0 0 0 1
0 1 1 77 1 1 1 1 1 1 1 1 0
57
13 13
1 1 1 1 1 1 1 1 1 1 1 1 1
1 0 0 0 0 0 1 3 0 0 0 0 1
1 0 0 0 0 0 0 0 0 2 0 0 1
1 0 4 1 0 1 1 1 1 1 0 0 1
1 0 0 1 0 0 0 0 0 1 0 0 1
1 0 5 1 0 0 1 0 0 1 0 0 1
1 0 1 1 1 1 1 0 0 1 1 0 1
1 0 0 1 0 0 0 0 0 1 0 0 1
1 0 0 1 0 44 1 0 0 1 0 1 1
1 0 0 1 1 1 1 1 1 22 0 1 1
1 0 0 0 0 0 1 55 0 1 0 1 1
1 0 1 0 0 0 0 0 0 1 0 0 1
1 1 1 1 33 1 1 1 1 1 1 1 1
58
13 13
0 0 0 0 0 1 66 1 0 0 0 0 0
0 0 1 1 1 1 0 1 1 55 1 0 0
0 1 1 0 0 0 0 0 0 0 1 1 0
0 1 0 0 0 0 0 0 0 0 0 1 0
0 1 0 0 0 1 0 1 0 0 0 1 0
1 1 0 0 1 1 0 1 1 0 0 1 1
1 6 0 0 0 0 0 0 0 0 0 0 33
1 1 0 0 1 1 0 1 1 0 0 1 1
0 1 0 7 0 1 0 1 0 0 0 1 0
0 1 0 0 5 0 0 0 0 0 0 77 0
0 1 1 0 0 0 0 0 0 0 1 1 0
0 0 1 1 1 1 3 1 1 1 1 0 0
0 0 0 0 0 1 1 1 0 0 0 0 0
59
13 13
1 1 1 0 0 0 0 0 0 0 0 0 0
1 5 1 1 1 1 1 1 1 1 1 0 0
1 0 0 0 0 0 0 0 0 0 1 1 0
1 0 1 1 1 1 1 1 1 0 0 1 0
1 0 1 0 0 0 0 0 0 1 0 1 0
1 0 0 0 0 0 55 0 0 1 0 1 0
1 0 0 0 0 0 0 0 0 1 0 1 0
1 0 1 1 1 1 1 0 1 1 0 1 0
1 0 0 0 1 0 0 0 0 0 0 1 0
1 0 1 0 0 0 1 0 0 1 1 1 0
1 0 1 1 0 0 1 1 1 1 0 1 1
1 4 0 0 0 0 0 0 0 0 0 0 1
1 1 1 1 1 44 1 1 1 1 1 1 1
60
13 13
1 1 1 1 1 1 1 1 1 1 1 1 1
1 0 0 0 0 0 0 0 0 0 0 0 1
1 0 0 0 0 0 0 1 1 1 0 0 1
1 0 1 1 1 0 0 3 22 1 0 0 1
1 0 1 55 4 0 0 1 1 1 0 0 1
1 0 1 1 1 0 0 0 0 0 0 0 1
1 0 0 0 0 0 0 0 0 0 0 0 1
1 0 0 0 0 0 0 0 1 1 1 0 1
1 0 0 1 1 1 0 0 5 44 1 0 1
1 0 0 1 33 2 0 0 1 1 1 0 1
1 0 0 1 1 1 0 0 0 0 0 0 1
1 0 0 0 0 0 0 0 0 0 0 0 1
1 1 1 1 1 1 1 1 1 1 1 1 1